500
3
4
179
289
219
9
412
21
264
425
276
424
164
17
328
193
242
493
223
183
421
211
483
413
190
475
214
318
142
397
261
46
419
293
335
490
302
99
363
66
376
140
343
40
9
171
85
252
17
309
287
438
372
270
351
414
97
418
232
240
315
494
138
87
287
325
77
441
276
441
8
153
433
203
45
442
374
131
46
243
292
185
181
164
308
385
79
405
303
163
497
470
157
487
57
296
312
487
238
441
280
98
94
213
153
139
7
379
270
406
123
62
91
156
79
251
41
10
9
196
173
6
167
183
346
76
331
158
63
421
99
343
371
45
408
24
37
268
404
159
26
27
74
117
183
153
221
77
15
230
125
188
236
292
371
82
221
55
93
136
476
44
480
348
442
240
372
479
360
128
490
386
155
64
356
191
69
77
120
84
307
245
273
395
390
496
330
111
403
423
247
380
319
79
80
113
172
304
92
32
433
435
271
440
499
127
483
421
204
103
5
11
201
130
406
91
479
236
54
382
11
153
114
183
85
194
296
109
499
241
141
284
176
264
224
27
391
208
448
95
163
306
458
364
436
217
307
415
305
361
150
169
367
264
204
452
311
0
413
162
93
406
446
269
171
22
149
62
82
97
10
246
403
320
462
192
37
122
459
195
335
109
216
202
226
420
6
389
420
419
403
14
326
201
135
349
223
284
411
158
234
273
256
489
94
218
33
483
340
493
30
28
454
246
230
180
166
89
421
87
360
324
453
186
25
440
35
101
77
299
259
163
72
15
152
18
85
38
354
278
31
384
306
485
131
36
18
149
477
291
236
338
116
41
376
493
334
264
94
411
63
353
74
487
220
78
6
306
116
212
84
499
96
390
337
79
278
207
229
256
498
317
446
466
359
322
460
45
86
54
456
149
260
382
489
480
312
347
286
281
59
222
280
155
112
117
235
243
176
464
351
175
133
297
493
344
119
453
389
206
360
345
207
472
79
196
304
392
43
443
173
102
165
453
110
130
423
197
373
451
13
224
478
146
21
472
491
492
277
380
198
489
78
258
461
157
454
266
49
350
209
222
452
226
28
414
356
451
111
81
254
124
157
233
271
178
205
114
23
482
494
221
472
72
331
285
230
286
403
131
136
464
354
440
191
382
355
399
185
466
481
439
443
138
24
66
169
229
180
192
64
174
265
388
99
97
173
181
235
77
312
223
393
18
163
84
252
370
484
289
337
317
81
132
455
105
198
476
335
378
20
399
404
286
287
355
235
312
388
470
241
201
193
135
71
208
71
324
79
407
465
268
224
46
400
32
152
450
360
339
180
381
90
84
167
229
292
254
393
180
76
135
233
121
270
305
329
193
481
408
101
446
28
177
493
428
209
497
378
70
188
58
303
278
495
322
359
139
76
252
319
152
387
53
125
9
210
454
55
191
215
156
137
243
333
482
24
395
479
254
317
19
165
120
297
12
442
8
151
370
261
470
374
0
375
499
362
85
453
417
128
20
425
266
116
110
100
140
5
80
246
174
451
411
294
249
423
88
109
74
458
222
397
332
223
124
331
437
62
137
206
190
157
131
308
125
241
409
117
99
341
364
273
292
275
420
393
51
8
3
125
467
225
374
299
300
499
131
237
61
120
295
251
129
278
412
255
372
321
372
471
162
236
96
454
364
16
200
415
377
203
392
344
280
267
495
81
266
478
170
179
98
466
282
228
244
194
483
116
15
207
439
29
444
388
336
160
404
36
75
281
239
319
477
371
86
473
452
204
451
475
235
402
293
18
130
37
64
465
6
432
172
297
461
468
185
297
128
442
185
55
75
276
375
53
148
313
378
452
370
181
427
105
83
220
475
213
110
40
178
468
472
351
265
285
319
303
435
300
245
120
355
172
397
82
225
397
396
455
349
118
137
277
75
220
497
51
286
107
443
464
75
267
167
193
52
339
496
487
139
93
460
494
265
357
77
491
254
325
298
455
443
435
232
18
8
230
421
294
189
364
110
117
483
278
310
36
117
306
375
108
399
187
102
16
396
31
359
2
208
158
458
151
93
190
22
453
272
443
247
462
160
358
79
143
488
241
31
457
399
259
65
150
446
19
166
343
51
26
345
111
184
303
263
129
494
137
83
266
432
182
80
92
40
11
88
380
252
119
337
151
378
254
301
325
274
320
20
177
346
365
288
30
169
403
159
15
40
94
133
473
277
66
417
169
77
5
402
182
125
239
185
355
494
339
32
120
159
52
297
5
270
85
387
439
341
398
306
381
493
291
206
122
357
124
143
287
129
45
469
106
285
6
462
131
345
494
103
356
399
400
213
169
337
100
460
178
499
266
412
344
57
118
318
267
242
461
54
224
7
375
330
144
381
144
127
79
491
230
287
390
130
1
59
467
453
19
498
304
137
410
0
46
28
318
165
123
280
219
199
287
446
381
283
180
26
410
111
17
140
398
407
122
251
318
441
57
189
439
361
178
349
362
224
230
32
390
205
312
461
404
451
408
285
86
88
163
496
51
180
488
449
439
110
53
109
52
110
298
343
471
476
193
185
53
275
218
295
332
382
108
88
186
368
225
272
308
389
269
359
421
109
309
361
220
362
322
124
472
121
467
295
449
12
481
354
139
51
149
471
433
258
59
119
478
285
244
287
26
13
146
447
474
307
160
194
169
483
170
493
104
138
141
405
2
122
260
142
25
261
465
458
371
25
430
350
162
174
137
188
39
283
135
13
91
148
60
112
131
230
458
87
220
99
492
75
73
104
69
98
366
34
56
237
411
338
87
425
364
224
113
403
360
101
269
303
249
329
415
232
411
373
319
484
324
163
59
397
120
128
495
486
14
404
223
426
242
163
203
459
387
317
362
99
270
483
402
371
312
170
103
76
395
274
60
220
289
471
117
409
99
465
247
465
369
471
243
463
134
447
422
373
116
137
325
386
120
227
109
285
249
64
361
145
190
273
217
479
244
334
241
195
151
488
160
20
311
404
484
297
203
258
171
319
395
348
57
16
75
166
301
177
230
14
322
420
287
39
251
31
225
492
226
377
333
238
249
144
494
85
442
197
344
465
16
239
313
73
107
240
91
260
417
173
274
91
93
61
482
197
444
208
41
170
437
374
261
38
19
255
124
313
453
468
278
321
59
91
395
19
331
338
279
101
12
54
192
457
115
175
154
412
235
196
82
24
70
195
62
441
451
186
254
256
6
32
77
418
475
324
437
307
163
216
408
175
122
452
132
238
127
287
150
214
335
84
238
405
132
301
199
83
339
453
339
198
486
268
116
461
93
405
120
256
121
380
431
96
333
415
334
312
54
336
27
389
272
117
147
404
418
346
339
110
299
30
308
137
299
276
451
392
181
423
148
154
156
431
250
341
198
436
153
253
124
32
142
397
150
141
153
420
487
345
30
139
227
190
128
26
466
431
270
499
355
270
154
363
53
256
204
252
193
357
5
169
242
499
418
392
141
72
164
480
269
47
471
496
237
100
375
56
383
497
55
90
268
61
453
321
318
157
73
363
367
430
32
109
430
451
353
423
375
17
403
144
416
375
492
154
327
219
62
210
217
117
153
337
31
106
158
349
116
84
64
483
366
96
92
148
47
297
71
274
166
327
270
83
202
263
89
381
482
151
443
51
120
96
388
